Start: 123456780
Goal: 731056248
A*,Zero: ([[7, 3, 1], [0, 5, 6], [2, 4, 8]], 69068)
Time: 3.81671404838562
A*,Manhattan: ([[7, 3, 1], [0, 5, 6], [2, 4, 8]], 822)
Time: 0.08506083488464355
A*,Misplaced Tiles: ([[7, 3, 1], [0, 5, 6], [2, 4, 8]], 4317)
Time: 0.29122042655944824
A*,Linear Conflict: ([[7, 3, 1], [0, 5, 6], [2, 4, 8]], 586)
Time: 0.08606147766113281
IDA*,Zero: ([[[1, 2, 3], [4, 5, 6], [7, 8, 0]], [[1, 2, 3], [4, 5, 6], [7, 0, 8]], [[1, 2, 3], [4, 5, 6], [0, 7, 8]], [[1, 2, 3], [0, 5, 6], [4, 7, 8]], [[0, 2, 3], [1, 5, 6], [4, 7, 8]], [[2, 0, 3], [1, 5, 6], [4, 7, 8]], [[2, 3, 0], [1, 5, 6], [4, 7, 8]], [[2, 3, 6], [1, 5, 0], [4, 7, 8]], [[2, 3, 6], [1, 0, 5], [4, 7, 8]], [[2, 3, 6], [0, 1, 5], [4, 7, 8]], [[0, 3, 6], [2, 1, 5], [4, 7, 8]], [[3, 0, 6], [2, 1, 5], [4, 7, 8]], [[3, 1, 6], [2, 0, 5], [4, 7, 8]], [[3, 1, 6], [2, 7, 5], [4, 0, 8]], [[3, 1, 6], [2, 7, 5], [0, 4, 8]], [[3, 1, 6], [0, 7, 5], [2, 4, 8]], [[3, 1, 6], [7, 0, 5], [2, 4, 8]], [[3, 1, 6], [7, 5, 0], [2, 4, 8]], [[3, 1, 0], [7, 5, 6], [2, 4, 8]], [[3, 0, 1], [7, 5, 6], [2, 4, 8]], [[0, 3, 1], [7, 5, 6], [2, 4, 8]], [[7, 3, 1], [0, 5, 6], [2, 4, 8]]], 21)
Time: 36.70807123184204
IDA*,Manhattan: ([[[1, 2, 3], [4, 5, 6], [7, 8, 0]], [[1, 2, 3], [4, 5, 6], [7, 0, 8]], [[1, 2, 3], [4, 5, 6], [0, 7, 8]], [[1, 2, 3], [0, 5, 6], [4, 7, 8]], [[0, 2, 3], [1, 5, 6], [4, 7, 8]], [[2, 0, 3], [1, 5, 6], [4, 7, 8]], [[2, 3, 0], [1, 5, 6], [4, 7, 8]], [[2, 3, 6], [1, 5, 0], [4, 7, 8]], [[2, 3, 6], [1, 0, 5], [4, 7, 8]], [[2, 3, 6], [0, 1, 5], [4, 7, 8]], [[0, 3, 6], [2, 1, 5], [4, 7, 8]], [[3, 0, 6], [2, 1, 5], [4, 7, 8]], [[3, 1, 6], [2, 0, 5], [4, 7, 8]], [[3, 1, 6], [2, 7, 5], [4, 0, 8]], [[3, 1, 6], [2, 7, 5], [0, 4, 8]], [[3, 1, 6], [0, 7, 5], [2, 4, 8]], [[3, 1, 6], [7, 0, 5], [2, 4, 8]], [[3, 1, 6], [7, 5, 0], [2, 4, 8]], [[3, 1, 0], [7, 5, 6], [2, 4, 8]], [[3, 0, 1], [7, 5, 6], [2, 4, 8]], [[0, 3, 1], [7, 5, 6], [2, 4, 8]], [[7, 3, 1], [0, 5, 6], [2, 4, 8]]], 24)
Time: 0.37728142738342285
IDA*,Misplaced Tiles: ([[[1, 2, 3], [4, 5, 6], [7, 8, 0]], [[1, 2, 3], [4, 5, 6], [7, 0, 8]], [[1, 2, 3], [4, 5, 6], [0, 7, 8]], [[1, 2, 3], [0, 5, 6], [4, 7, 8]], [[0, 2, 3], [1, 5, 6], [4, 7, 8]], [[2, 0, 3], [1, 5, 6], [4, 7, 8]], [[2, 3, 0], [1, 5, 6], [4, 7, 8]], [[2, 3, 6], [1, 5, 0], [4, 7, 8]], [[2, 3, 6], [1, 0, 5], [4, 7, 8]], [[2, 3, 6], [0, 1, 5], [4, 7, 8]], [[0, 3, 6], [2, 1, 5], [4, 7, 8]], [[3, 0, 6], [2, 1, 5], [4, 7, 8]], [[3, 1, 6], [2, 0, 5], [4, 7, 8]], [[3, 1, 6], [2, 7, 5], [4, 0, 8]], [[3, 1, 6], [2, 7, 5], [0, 4, 8]], [[3, 1, 6], [0, 7, 5], [2, 4, 8]], [[3, 1, 6], [7, 0, 5], [2, 4, 8]], [[3, 1, 6], [7, 5, 0], [2, 4, 8]], [[3, 1, 0], [7, 5, 6], [2, 4, 8]], [[3, 0, 1], [7, 5, 6], [2, 4, 8]], [[0, 3, 1], [7, 5, 6], [2, 4, 8]], [[7, 3, 1], [0, 5, 6], [2, 4, 8]]], 22)
Time: 1.1298024654388428
IDA*,Linear Conflict: ([[[1, 2, 3], [4, 5, 6], [7, 8, 0]], [[1, 2, 3], [4, 5, 6], [7, 0, 8]], [[1, 2, 3], [4, 5, 6], [0, 7, 8]], [[1, 2, 3], [0, 5, 6], [4, 7, 8]], [[0, 2, 3], [1, 5, 6], [4, 7, 8]], [[2, 0, 3], [1, 5, 6], [4, 7, 8]], [[2, 3, 0], [1, 5, 6], [4, 7, 8]], [[2, 3, 6], [1, 5, 0], [4, 7, 8]], [[2, 3, 6], [1, 0, 5], [4, 7, 8]], [[2, 3, 6], [0, 1, 5], [4, 7, 8]], [[0, 3, 6], [2, 1, 5], [4, 7, 8]], [[3, 0, 6], [2, 1, 5], [4, 7, 8]], [[3, 1, 6], [2, 0, 5], [4, 7, 8]], [[3, 1, 6], [2, 7, 5], [4, 0, 8]], [[3, 1, 6], [2, 7, 5], [0, 4, 8]], [[3, 1, 6], [0, 7, 5], [2, 4, 8]], [[3, 1, 6], [7, 0, 5], [2, 4, 8]], [[3, 1, 6], [7, 5, 0], [2, 4, 8]], [[3, 1, 0], [7, 5, 6], [2, 4, 8]], [[3, 0, 1], [7, 5, 6], [2, 4, 8]], [[0, 3, 1], [7, 5, 6], [2, 4, 8]], [[7, 3, 1], [0, 5, 6], [2, 4, 8]]], 25)
Time: 0.33924174308776855
Start: 123456780
Goal: 683201475
A*,Zero: (None, 181440)
Time: 9.05742883682251
A*,Manhattan: (None, 181440)
Time: 14.279157161712646
A*,Misplaced Tiles: (None, 181440)
Time: 10.007116317749023
A*,Linear Conflict: (None, 181440)
Time: 20.58464288711548
